E = [1 2;3 4]
F = [2 3;4 5]
G = E .* F